   87.3174
    1.5257
   39.7859
   45.5674
   13.3589
   74.5119
    3.3358
    4.2974
   66.5833
   26.0005
   14.6809
    1.8713
   71.0139
   63.8979
   78.0461
   68.8838
   39.5252
    2.2644
   72.1211
   92.3427
    5.8471
   11.2337
   37.4750
   15.7889
   57.9360
   32.4185
   14.3434
    7.1519
    0.4077
   95.0454
   97.4647
   64.3732
    0.7227
   60.5921
    6.0247
   54.0111
    7.8658
   61.2837
   88.3402
   34.1122
   23.7819
   11.4246
   42.6881
   95.9901
   71.3692
    4.7821
   20.3834
   80.8260
   92.9483
   79.1768
    2.7053
    2.6234
    0.3253
   33.6531
    3.7641
   30.0658
    2.4887
   61.2853
   57.0797
   58.7004
   22.1789
    0.1558
   24.4796
   15.7052
   65.2154
   90.3564
   94.3178
    2.4051
    1.5176
    5.4970
   94.1462
   14.4193
   87.1991
    4.1344
   51.1166
   24.1396
   14.6104
    1.0210
   77.2328
   26.8814
   20.8500
   25.5397
   95.9509
   71.5733
    8.5030
    3.6654
   81.6212
   28.9449
   47.9317
   43.5132
   96.6993
   10.0187
    1.4295
   96.7925
   71.1234
   27.9534
    8.6080
   50.1924
   16.4754
    3.9784
   15.3940
   53.5883
   59.2523
   83.7729
   50.5979
   94.9375
   98.7784
   19.5109
   47.2879
   12.3599
   65.2467
    5.1106
   10.5192
   32.4639
   90.1138
   63.7879
   18.0555
   38.8276
    3.6777
   11.1518
   47.7531
   94.1572
   85.8791
   98.0380
   24.7629
   40.5785
   10.0825
    8.3440
   13.2692
   99.3834
   74.9026
    4.2442
   99.3199
    1.0337
   12.9762
   95.4618
    1.4655
   69.9473
    3.9825
   58.8336
   39.0041
   54.4525
   33.8880
   98.4665
   98.3069
    0.9782
    0.7659
   97.0884
   50.2125
   68.3262
   28.5596
    2.4511
    0.5540
    4.4072
   17.0949
    0.2509
   33.1206
    5.2370
   70.4458
    8.3206
   90.1085
    0.5839
   66.8081
   14.4018
   70.6698
   77.3090
   33.0798
   26.4056
   79.7738
    1.0441
    1.0509
    6.8897
    3.5346
   43.9562
   98.8492
   97.0170
   18.7839
   23.5455
   31.2667
   96.4078
   25.4308
   43.0907
   92.8121
    4.7434
   97.3486
   62.7850
   70.4455
   77.0369
   31.1134
   28.1093
   19.3919
   17.8122
    3.5851
    1.7158
    0.8241
   17.8517
   98.9040
   76.0591
   12.1571
   14.6793