    4.4793   -4.0765    4.4558
   -4.1793   -4.9218    1.7664
   -3.9429   -0.7689    4.8830
   -3.5796    1.5557    2.6683
   -3.3354    2.2292   -1.6330
    1.2096    0.3121    1.6238
    0.7371   -3.9118   -2.5583
   -4.4792    1.3177   -2.0449
    4.3120   -3.7350    1.8018
    2.2866   -3.6570    0.2785
    2.3784   -4.0141   -0.8841
   -4.3660   -3.5797    1.0264
    3.6044   -3.3175    2.5052
    4.3441   -3.0375    0.8353
    4.8440   -1.8252    0.5179
    3.5894   -1.8357    0.8357
    2.8556   -2.8244    0.1182
    0.1338   -2.4896   -4.1741
   -3.2240    3.9292    2.1957
   -1.0141    2.0322    4.9616
   -3.6607    0.5574   -1.4547
   -4.6911   -3.1557    4.7126
    4.3914   -2.8797   -1.5355
   -1.9869   -4.2265    3.8654
   -2.0447    4.1380   -0.4531
   -1.6706    2.0672   -0.8657
   -0.3293    0.5779   -2.8227
    1.4820   -1.8657   -3.7435
   -4.7477   -3.3380   -1.9109
    3.4221    1.2250    2.2610
    0.5903    4.8793    2.8287
    3.5410   -3.2957    1.9379
   -1.5212   -2.4221   -4.9020
   -0.5397   -1.0320    3.4321
   -4.4576   -4.2601    4.2233
   -3.2289    1.8410    2.7095
    1.6281   -0.9761   -4.5734
   -1.6917    4.8284   -1.2181
    3.9849   -0.9782    2.0434
   -3.8184    1.2067    2.2951
    4.8842   -3.4563   -2.7572
    0.3998   -1.1865   -2.3095
    2.0692   -3.3887    1.7303
    4.9949    2.5811   -0.2251
   -2.1215    3.7111    1.2372
   -0.8548   -1.4922   -2.6356
   -0.3516    1.8554   -3.2288
    2.6396   -2.0585    3.2964
    3.1820    0.3063    2.6692
   -3.9978    3.3242    4.3448
   -3.2188    0.9749   -3.9211
   -1.4037   -1.6469   -3.1777
   -4.4330   -2.0077   -4.0090
    0.2189   -0.4741   -0.1024
   -1.6415   -0.7735   -3.0675
   -3.2433   -1.4039    3.9589
   -2.9105    0.5832   -4.0091
    4.0515    2.4255   -4.5583
    1.7539   -0.7567    0.5730
   -0.3153   -0.7064    2.7250
    4.1213   -3.7513   -1.8806
   -3.9599   -4.7557   -3.2102
    2.4555   -2.0981   -1.6104
    2.3627   -1.8248   -2.8985
    0.6186    1.5369    0.1015
   -3.1581    4.5694    4.0636
    0.9721    4.3573    1.2892
   -2.0006   -0.4211   -3.9847
   -3.6588   -2.5952   -1.0915
   -2.8740    2.6390   -4.4538
    3.9494    2.5933    0.0128
   -4.2855    2.4065   -0.6828
   -2.5751    2.4369    4.9756
   -4.4625   -3.9408    3.1160
   -0.5828    1.8156   -0.1435
   -4.8672   -0.3674    3.9445
    3.9719   -2.8784   -3.6245
   -3.0334   -4.0148   -1.1000
   -4.0663    3.2357    4.2736
   -1.9263   -3.2499    4.1749
   -0.4394   -3.3643    2.1357
   -3.9833    1.6599    1.1834
    4.9539    3.9439   -1.5671
   -1.6791    0.1656    4.3603
   -2.0265    2.0270   -3.7523
   -4.3795   -3.4641    2.3059
   -2.0176    4.5346    1.4648
   -4.5365    0.4088    3.3315
    0.0543    1.7973   -1.0172
    2.6143   -4.6344    2.4982
    1.3107    3.0920    3.3522
   -4.1011    2.4862   -1.7754
   -4.1914   -3.7981    0.5226
    2.7724    0.2505    4.7913
    4.0513   -1.7417    0.4931
    0.3377    0.4645   -1.6958
   -3.9085   -1.0112    1.1947
    3.2581   -0.8491   -1.3936
   -1.6190   -3.1926    2.5651
   -2.0603   -2.4461   -0.8610
    2.4631   -4.7946   -0.0765
   -4.8966    4.2368    1.9474
   -4.5155    1.5370    4.7273
    1.6792    4.3261   -1.7225
    1.0347   -3.3649    3.3780
    0.2610    4.2110    2.3907
    2.2971    2.9466    4.5417
    2.0725    0.7739   -4.6808
    2.8138   -0.5996   -1.4313
   -2.1202   -2.4239    1.6265
    1.9253    2.5195   -2.1850
    0.5667   -2.7133   -2.6962
   -1.0348   -4.3581    2.1113
   -4.3841    2.6733    1.2457
    2.8018    1.7120    0.9061
   -1.6242    2.1521    1.6044
    1.0787    1.4206   -4.5245
    2.4125   -0.8095   -1.5122
   -3.9519   -1.0924   -0.4866
   -3.7211    3.1614   -2.5910
    0.4954   -1.8257    2.1505
   -0.1477    3.1454    3.5618
    3.9048    2.8907   -2.1849
    2.9896    3.5226    2.3105
    2.3434    0.0564   -3.6224
   -4.4867    1.3566    3.3672
   -4.2711    4.5089   -3.6140
   -4.1147   -0.5604    0.8821
    2.9835   -4.3998   -1.3384
    4.4301    3.6675    3.0676
    1.8372    1.3119    0.0378
   -3.6792   -1.4493   -0.1041
    2.2272    4.9700    3.7705
   -3.8965   -2.7583   -1.4686
   -3.8251    1.5245   -0.5056
    1.4072    1.0499    4.6353
   -1.7119   -1.1275   -4.5770
    1.5381   -3.5781    4.7296
    2.4913   -4.7487   -3.1079
    0.8319   -0.7889    1.6712
    2.4003   -3.1590    0.8644
   -2.6517    2.2578    1.7511
    2.3496   -1.2964   -1.3898
    4.7060    3.4156    1.2028
    3.6693    2.3423    3.1115
   -4.1377    0.7103   -4.8074
   -1.3356   -3.2314   -4.1613
   -1.3080    4.5738    4.7480
    1.8503   -2.3468    1.5135
    0.9794    4.2458   -2.6876
    2.8936   -2.7623   -0.9651
   -1.3235   -1.2644   -3.7798
   -2.9397   -4.1250   -2.3156
   -4.1333    1.4012   -2.4215
    2.7193   -3.1938   -1.6833
   -2.9433   -4.5495   -3.4777
   -1.1173    2.2317   -1.5199
    0.5178   -1.5256   -3.7834
   -2.7105    1.6062    3.8415
    1.4194   -1.1613   -4.0572
   -0.1552    1.2735    4.3004
   -3.4815   -4.7835   -1.0098
    2.8193    4.1057   -4.5260
   -3.9939    3.0056   -1.5763
   -2.0593    2.4585    2.3597
   -2.6263    3.1311    2.9468
    0.3087   -1.1669    0.4491
   -4.0850    1.1728    1.8622
   -0.9468    0.7549    3.9363
   -3.9515    0.3005   -4.4521
   -3.8772   -2.2493   -1.9634
    2.8443   -2.5137   -4.5381
   -2.0843   -0.4836   -3.0452
    1.0353   -2.7229    2.2017
    4.6442    3.0445    2.2175
   -0.6752    4.8610    3.7780
    1.9475   -4.7001    0.8243
    2.5810    0.3566   -4.2932
   -0.6736   -4.1292    4.2274
    1.5550    3.0209    3.0037
   -3.9024    4.8914   -2.1405
    4.3376   -4.3305    0.4366
   -3.1254    4.3940    4.8478
   -2.3382   -4.8182    2.1568
    2.9783    1.8384    3.3897
   -0.1240    2.8374   -0.6674
    2.6896    0.3414   -0.2938
   -1.0399    3.8536    0.6071
   -2.2706    3.9900   -2.3091
   -4.6277    1.2594    2.4902
    1.7329   -3.6213    0.0389
   -0.7044   -2.8220    1.4681
   -0.4826   -3.1786   -1.9225
    1.0986   -4.5818   -3.6128
   -4.4060   -3.9306   -0.2443
   -1.8419    1.1644   -1.3754
    2.7272    4.3966    2.8811
    1.9643   -1.4554    2.8030
   -3.7467   -0.8937    1.6851
   -3.6985    4.8435   -3.6650